497 501 
492 500 
498 496 
496 502 
502 503 
506 509 
509 504 
504 508 
500 498 
510 507 
507 489 
489 491 
503 506 
491 490 
490 495 
495 499 
508 510 
505 601 
601 494 
494 493 
492 496 
496 604 
495 493 
501 495 
404 414 
462 479 
407 421 
410 406 
483 482 
451 441 
411 420 
477 473 
439 437 
586 585 
398 397 
397 393 
415 456 
436 423 
452 451 
469 458 
478 456 
463 477 
455 436 
465 471 
402 399 
398 394 
423 426 
442 439 
466 464 
426 431 
472 475 
460 457 
419 447 
449 450 
470 474 
474 464 
407 400 
409 404 
437 443 
414 413 
461 480 
585 432 
414 412 
448 449 
430 395 
399 419 
429 425 
411 418 
473 462 
418 444 
464 468 
485 486 
438 452 
417 416 
468 406 
425 587 
395 398 
413 409 
445 442 
403 430 
401 397 
475 465 
550 418 
468 595 
482 404 
441 455 
443 438 
393 407 
450 447 
476 463 
396 411 
480 481 
481 414 
420 550 
458 461 
415 466 
486 487 
400 396 
416 413 
468 410 
408 410 
401 396 
484 485 
413 399 
428 429 
394 401 
453 550 
397 400 
588 587 
444 445 
465 603 
421 453 
465 458 
457 459 
409 402 
431 428 
602 483 
406 403 
395 393 
459 476 
471 469 
464 460 
405 408 
399 417 
587 448 
453 484 
479 472 
483 480 
481 482 
412 416 
550 432 
420 421 
581 580 
348 362 
382 381 
377 375 
331 365 
349 350 
370 368 
293 290 
355 357 
299 298 
347 349 
381 375 
300 296 
321 518 
367 315 
318 326 
305 316 
320 322 
303 302 
379 377 
328 336 
323 312 
316 314 
330 329 
345 343 
329 522 
518 313 
343 344 
340 341 
352 351 
389 387 
520 339 
304 299 
299 300 
281 610 
351 359 
371 379 
368 386 
386 389 
288 303 
591 590 
309 303 
287 292 
372 315 
610 289 
312 314 
295 306 
292 293 
316 323 
523 330 
312 313 
390 371 
376 380 
333 328 
285 291 
339 345 
353 355 
369 370 
374 369 
342 580 
331 294 
304 302 
357 356 
281 591 
321 324 
346 301 
583 327 
364 334 
346 286 
311 306 
322 321 
297 281 
378 384 
518 320 
367 592 
302 311 
311 309 
388 385 
327 295 
385 382 
335 333 
361 360 
360 353 
325 317 
296 304 
591 283 
358 361 
286 287 
298 288 
359 364 
341 523 
363 354 
305 285 
295 309 
317 320 
323 519 
367 346 
522 327 
610 283 
310 288 
291 316 
309 310 
519 305 
314 289 
303 299 
289 291 
317 318 
375 297 
313 324 
301 300 
326 325 
580 347 
374 372 
325 322 
380 374 
284 294 
283 314 
294 288 
375 371 
387 383 
356 352 
374 378 
336 335 
344 342 
350 348 
334 520 
365 366 
366 295 
383 388 
306 358 
365 333 
582 583 
324 323 
298 284 
362 363 
310 331 
271 272 
260 605 
278 260 
273 274 
272 275 
274 257 
258 264 
269 261 
279 259 
270 258 
260 279 
257 255 
277 278 
261 271 
258 261 
607 608 
263 261 
267 268 
266 267 
608 277 
264 263 
606 605 
268 260 
255 266 
276 273 
275 276 
183 179 
204 208 
200 195 
241 242 
186 185 
231 232 
184 181 
225 224 
235 177 
572 192 
233 201 
189 190 
172 562 
254 253 
197 204 
562 174 
190 235 
566 215 
223 225 
249 569 
244 245 
174 190 
228 221 
177 188 
206 213 
251 524 
184 183 
210 211 
560 175 
569 563 
236 254 
214 184 
226 230 
188 226 
563 561 
180 236 
242 243 
191 188 
187 185 
232 222 
203 202 
183 182 
195 203 
253 237 
561 175 
185 191 
571 572 
217 218 
565 566 
196 197 
246 517 
198 234 
201 205 
235 234 
240 241 
189 177 
220 219 
208 207 
221 223 
193 249 
245 246 
211 209 
205 206 
187 182 
215 217 
213 210 
224 220 
230 228 
174 186 
249 524 
243 244 
561 569 
182 181 
234 200 
209 566 
177 194 
181 172 
173 214 
562 198 
219 227 
191 189 
569 570 
186 189 
181 174 
218 216 
194 199 
199 196 
248 249 
227 233 
178 237 
216 231 
238 239 
600 567 
239 240 
237 236 
182 186 
517 248 
179 187 
202 200 
567 194 
192 193 
236 238 
563 173 
190 198 
95 35 
116 115 
115 109 
64 96 
44 43 
89 88 
71 102 
59 71 
59 60 
19 20 
109 110 
81 78 
79 78 
79 80 
151 157 
68 67 
103 31 
10 11 
25 24 
7 41 
142 141 
55 56 
47 46 
108 164 
42 41 
514 73 
140 139 
70 68 
152 151 
28 516 
15 16 
137 143 
77 50 
124 125 
16 50 
138 137 
37 38 
67 515 
73 72 
67 99 
113 37 
75 106 
106 35 
170 169 
147 144 
152 158 
20 21 
77 82 
65 97 
35 34 
54 65 
135 134 
140 138 
168 167 
102 103 
110 112 
131 132 
76 95 
96 39 
128 129 
148 146 
8 9 
13 14 
12 13 
111 109 
52 91 
97 36 
155 156 
104 105 
3 5 
111 116 
159 160 
123 122 
55 515 
54 55 
114 117 
63 82 
87 86 
138 136 
52 51 
99 100 
34 33 
165 76 
98 99 
12 46 
92 51 
150 156 
157 158 
515 98 
68 100 
47 60 
141 139 
57 68 
166 165 
45 44 
161 148 
515 65 
2 3 
74 73 
139 137 
10 44 
8 42 
113 110 
83 75 
45 58 
164 113 
71 70 
18 19 
122 124 
85 164 
48 47 
132 133 
49 48 
513 64 
11 12 
58 59 
98 516 
9 43 
44 57 
118 115 
114 115 
104 33 
99 28 
30 29 
36 39 
51 79 
74 105 
162 161 
130 162 
80 85 
62 63 
125 126 
83 107 
38 76 
50 63 
107 108 
105 34 
149 147 
82 81 
144 138 
94 93 
15 49 
160 154 
5 6 
154 153 
14 15 
161 163 
41 40 
145 161 
109 37 
9 10 
56 57 
26 25 
6 40 
96 97 
73 104 
29 28 
121 123 
156 157 
100 101 
93 92 
70 101 
118 119 
81 80 
60 514 
7 8 
117 118 
90 89 
101 102 
163 155 
76 108 
50 49 
62 74 
155 148 
91 113 
86 23 
13 47 
147 140 
100 29 
516 36 
146 145 
167 166 
112 111 
31 32 
119 116 
65 64 
129 130 
72 71 
23 24 
144 146 
11 45 
84 83 
513 54 
108 84 
17 18 
37 114 
39 120 
22 23 
82 83 
134 40 
91 85 
164 38 
85 84 
88 87 
42 55 
75 74 
136 135 
46 45 
171 170 
48 514 
78 77 
63 75 
84 81 
130 131 
127 128 
153 152 
41 54 
106 107 
101 30 
56 67 
107 95 
153 159 
151 150 
126 127 
149 155 
17 22 
16 17 
148 147 
6 7 
102 32 
80 52 
105 106 
169 168 
49 62 
103 104 
158 159 
60 72 
72 103 
33 31 
46 59 
43 42 
14 48 
57 58 
24 51 
120 121 
40 513 
43 56 
514 62 
58 70 
32 30 
150 149 
97 98 
143 180
178 269
270 590
390 603
602 604
21 571
570 607
606 592
384 478
595 505
133 565
222 581
354 588
171 600
207 582
340 586
519 700
700 701
701 702
702 703
703 704
704 347
118 203 
118 336 
118 487 
203 336 
203 487 
336 487
145 285
145 402
285 402